number_of_NFSs 10

0.0 2.2 4.0 2.3 4.0 2.1 2.5 3.1 2.3 2.6 
2.2 0.0 3.1 3.3 2.1 3.1 4.0 3.5 3.1 2.9 
4.0 3.1 0.0 3.8 3.6 3.3 3.6 2.1 2.2 2.2 
2.3 3.3 3.8 0.0 2.6 3.0 3.2 3.6 3.9 2.7 
4.0 2.1 3.6 2.6 0.0 3.3 3.5 3.3 3.7 2.2 
2.1 3.1 3.3 3.0 3.3 0.0 2.9 2.0 2.0 2.6 
2.5 4.0 3.6 3.2 3.5 2.9 0.0 3.7 3.1 2.1 
3.1 3.5 2.1 3.6 3.3 2.0 3.7 0.0 3.1 2.6 
2.3 3.1 2.2 3.9 3.7 2.0 3.1 3.1 0.0 2.2 
2.6 2.9 2.2 2.7 2.2 2.6 2.1 2.6 2.2 0.0 
