number_of_NFSs 10

0.0 2.2 2.8 3.0 3.1 2.7 3.8 3.0 3.5 3.5 
2.2 0.0 3.0 3.0 2.6 2.5 3.7 2.3 3.9 3.8 
2.8 3.0 0.0 2.5 3.0 2.7 2.7 2.3 2.6 2.6 
3.0 3.0 2.5 0.0 4.0 2.8 3.1 3.0 3.4 3.1 
3.1 2.6 3.0 4.0 0.0 3.6 2.0 3.3 2.1 2.6 
2.7 2.5 2.7 2.8 3.6 0.0 2.3 3.2 3.1 3.4 
3.8 3.7 2.7 3.1 2.0 2.3 0.0 3.3 3.3 2.9 
3.0 2.3 2.3 3.0 3.3 3.2 3.3 0.0 2.8 3.4 
3.5 3.9 2.6 3.4 2.1 3.1 3.3 2.8 0.0 3.8 
3.5 3.8 2.6 3.1 2.6 3.4 2.9 3.4 3.8 0.0 
