number_of_NFSs 10

0.0 3.9 3.7 3.0 3.9 2.2 2.8 2.3 2.1 2.0 
3.9 0.0 3.7 3.8 3.2 2.0 2.3 3.1 3.3 3.4 
3.7 3.7 0.0 3.3 3.3 2.1 2.1 2.8 2.7 3.9 
3.0 3.8 3.3 0.0 2.7 3.7 2.8 2.7 2.8 4.0 
3.9 3.2 3.3 2.7 0.0 2.8 3.1 2.7 2.9 2.9 
2.2 2.0 2.1 3.7 2.8 0.0 2.0 2.3 2.5 2.9 
2.8 2.3 2.1 2.8 3.1 2.0 0.0 3.0 3.4 2.6 
2.3 3.1 2.8 2.7 2.7 2.3 3.0 0.0 3.9 4.0 
2.1 3.3 2.7 2.8 2.9 2.5 3.4 3.9 0.0 2.5 
2.0 3.4 3.9 4.0 2.9 2.9 2.6 4.0 2.5 0.0 
