number_of_NFSs 7

0.0 3.2 3.9 3.8 3.0 3.2 2.9 
3.2 0.0 3.0 3.0 2.0 3.5 2.7 
3.9 3.0 0.0 2.5 2.8 3.1 2.2 
3.8 3.0 2.5 0.0 2.4 2.8 2.5 
3.0 2.0 2.8 2.4 0.0 3.0 2.6 
3.2 3.5 3.1 2.8 3.0 0.0 3.3 
2.9 2.7 2.2 2.5 2.6 3.3 0.0 
