number_of_NFSs 7

0.0 3.6 3.7 2.8 3.7 3.7 2.8 
3.6 0.0 4.0 2.1 2.3 2.4 2.7 
3.7 4.0 0.0 3.7 2.1 3.9 2.5 
2.8 2.1 3.7 0.0 3.4 2.0 3.3 
3.7 2.3 2.1 3.4 0.0 3.6 2.8 
3.7 2.4 3.9 2.0 3.6 0.0 3.7 
2.8 2.7 2.5 3.3 2.8 3.7 0.0 
