number_of_NFSs 7

0.0 2.1 3.5 2.4 3.7 3.0 3.3 
2.1 0.0 2.8 3.1 2.5 2.7 3.4 
3.5 2.8 0.0 3.1 2.3 3.2 3.6 
2.4 3.1 3.1 0.0 2.7 2.8 3.3 
3.7 2.5 2.3 2.7 0.0 2.0 3.1 
3.0 2.7 3.2 2.8 2.0 0.0 2.1 
3.3 3.4 3.6 3.3 3.1 2.1 0.0 
