number_of_NFSs 7

0.0 4.0 4.0 2.8 3.3 2.3 2.3 
4.0 0.0 3.4 2.9 2.1 4.0 3.1 
4.0 3.4 0.0 3.7 3.7 2.8 2.7 
2.8 2.9 3.7 0.0 4.0 3.3 3.4 
3.3 2.1 3.7 4.0 0.0 3.0 2.7 
2.3 4.0 2.8 3.3 3.0 0.0 2.4 
2.3 3.1 2.7 3.4 2.7 2.4 0.0 
